40
0.000 0.000 417.321 0.000 0.000 368.321
0.000 0.000 337.321 0.000 0.000 288.321
0.000 0.000 176.664 0.000 0.000 127.664
0.000 0.000 73.443 0.000 0.000 24.443
50.840 0.000 58.150 14.105 0.000 25.749
75.303 0.000 -2.232 26.863 0.000 4.357
61.027 0.000 -37.797 27.812 0.000 -1.827
0.965 0.000 -60.689 5.486 0.000 -11.899
-64.807 0.000 -53.687 -25.339 0.000 -24.887
-80.762 0.000 -0.173 -32.083 0.000 -5.727
-66.968 0.000 46.784 -33.558 0.000 11.006
-10.931 0.000 76.140 17.809 0.000 36.488
38.743 0.000 18.019 86.186 0.000 5.924
155.409 0.000 -1.771 204.053 0.000 -7.420
311.269 0.000 -9.375 360.068 0.000 -4.952
386.092 0.000 2.293 429.857 0.000 24.325
409.674 0.000 68.916 406.567 0.000 117.717
381.463 0.000 251.159 369.650 0.000 298.693
255.501 0.000 361.329 208.986 0.000 376.702
134.482 0.000 385.417 85.739 0.000 390.366
18.082 0.000 397.237 -30.661 0.000 402.186
-102.134 0.000 403.010 -151.098 0.000 401.305
-239.970 0.000 379.074 -282.274 0.000 354.356
-322.232 0.000 300.751 -341.008 0.000 255.588
-354.906 0.000 209.529 -365.204 0.000 161.682
-378.805 0.000 81.683 -386.415 0.000 33.295
-396.045 0.000 -33.134 -401.228 0.000 -81.854
-396.354 0.000 -131.506 -390.293 0.000 -180.129
-361.230 0.000 -322.806 -322.011 0.000 -352.177
-254.407 0.000 -365.437 -206.134 0.000 -373.762
-123.564 0.000 -387.523 -75.164 0.000 -395.076
14.301 0.000 -400.898 63.163 0.000 -404.559
179.408 0.000 -394.841 226.866 0.000 -382.661
331.189 0.000 -290.976 361.125 0.000 -252.212
398.979 0.000 -134.798 409.174 0.000 -86.871
413.642 0.000 104.944 415.090 0.000 153.879
353.618 0.000 339.297 323.639 0.000 378.051
170.766 0.000 452.844 160.925 0.000 416.778
0.000 0.000 457.321 0.000 0.000 408.321
0.000 0.000 417.321 0.000 0.000 368.321
